258 3 3
258 22 3
258 41 3
258 60 3
258 79 3
258 98 3
258 117 3
258 136 3
258 156 3
258 175 3
258 194 3
258 213 3
258 232 3
258 251 3
245 258 3
226 258 3
206 258 3
187 258 3
168 258 3
149 258 3
130 258 3
111 258 3
92 258 3
73 258 3
54 258 3
34 258 3
15 258 3
3 258 9
3 258 28
3 258 47
3 258 66
3 258 85
3 258 105
3 258 124
3 258 143
3 258 162
3 258 181
3 258 200
3 258 219
3 258 238
3 258 258
3 238 258
3 219 258
3 200 258
3 181 258
3 162 258
3 143 258
3 124 258
3 105 258
3 85 258
3 66 258
3 47 258
3 28 258
3 9 258
15 3 258
34 3 258
53 3 258
73 3 258
92 3 258
111 3 258
130 3 258
149 3 258
168 3 258
187 3 258
207 3 258
226 3 258
245 3 258
258 3 251
258 3 232
258 3 213
258 3 194
258 3 175
258 3 155
258 3 136
258 3 117
258 3 98
258 3 79
258 3 60
258 3 41
258 3 22