258 3 3
258 25 3
258 48 3
258 71 3
258 94 3
258 117 3
258 140 3
258 162 3
258 185 3
258 208 3
258 231 3
258 254 3
238 258 3
216 258 3
193 258 3
170 258 3
147 258 3
124 258 3
101 258 3
79 258 3
56 258 3
33 258 3
10 258 3
3 258 18
3 258 41
3 258 63
3 258 86
3 258 109
3 258 132
3 258 155
3 258 178
3 258 200
3 258 223
3 258 246
3 246 258
3 223 258
3 200 258
3 178 258
3 155 258
3 132 258
3 109 258
3 86 258
3 63 258
3 41 258
3 18 258
10 3 258
33 3 258
56 3 258
79 3 258
101 3 258
124 3 258
147 3 258
170 3 258
193 3 258
216 3 258
238 3 258
258 3 254
258 3 231
258 3 208
258 3 185
258 3 162
258 3 140
258 3 117
258 3 94
258 3 71
258 3 48
258 3 25