258 3 3
258 8 3
258 14 3
258 20 3
258 26 3
258 32 3
258 38 3
258 44 3
258 50 3
258 56 3
258 62 3
258 68 3
258 74 3
258 80 3
258 86 3
258 92 3
258 98 3
258 104 3
258 110 3
258 116 3
258 122 3
258 128 3
258 134 3
258 140 3
258 146 3
258 152 3
258 158 3
258 164 3
258 170 3
258 176 3
258 182 3
258 188 3
258 194 3
258 200 3
258 206 3
258 212 3
258 218 3
258 224 3
258 230 3
258 236 3
258 242 3
258 248 3
258 254 3
256 258 3
250 258 3
244 258 3
238 258 3
232 258 3
226 258 3
220 258 3
214 258 3
208 258 3
202 258 3
196 258 3
190 258 3
184 258 3
178 258 3
172 258 3
166 258 3
160 258 3
154 258 3
148 258 3
142 258 3
136 258 3
130 258 3
124 258 3
118 258 3
112 258 3
106 258 3
100 258 3
94 258 3
88 258 3
82 258 3
76 258 3
70 258 3
64 258 3
58 258 3
52 258 3
46 258 3
40 258 3
34 258 3
28 258 3
22 258 3
16 258 3
10 258 3
4 258 3
3 258 6
3 258 12
3 258 18
3 258 24
3 258 30
3 258 36
3 258 42
3 258 48
3 258 54
3 258 60
3 258 66
3 258 72
3 258 78
3 258 84
3 258 90
3 258 96
3 258 102
3 258 108
3 258 114
3 258 120
3 258 126
3 258 132
3 258 138
3 258 144
3 258 150
3 258 156
3 258 162
3 258 168
3 258 174
3 258 180
3 258 186
3 258 192
3 258 198
3 258 204
3 258 210
3 258 216
3 258 222
3 258 228
3 258 234
3 258 240
3 258 246
3 258 252
3 258 258
3 252 258
3 246 258
3 240 258
3 234 258
3 228 258
3 222 258
3 216 258
3 210 258
3 204 258
3 198 258
3 192 258
3 186 258
3 180 258
3 174 258
3 168 258
3 162 258
3 156 258
3 150 258
3 144 258
3 138 258
3 132 258
3 126 258
3 120 258
3 114 258
3 108 258
3 102 258
3 96 258
3 90 258
3 84 258
3 78 258
3 72 258
3 66 258
3 60 258
3 54 258
3 48 258
3 42 258
3 36 258
3 30 258
3 24 258
3 18 258
3 12 258
3 6 258
4 3 258
10 3 258
16 3 258
22 3 258
28 3 258
34 3 258
40 3 258
46 3 258
52 3 258
58 3 258
64 3 258
70 3 258
76 3 258
82 3 258
88 3 258
94 3 258
100 3 258
106 3 258
112 3 258
118 3 258
124 3 258
130 3 258
136 3 258
142 3 258
148 3 258
154 3 258
160 3 258
166 3 258
172 3 258
178 3 258
184 3 258
190 3 258
196 3 258
202 3 258
208 3 258
214 3 258
220 3 258
226 3 258
232 3 258
238 3 258
244 3 258
250 3 258
256 3 258
258 3 254
258 3 248
258 3 242
258 3 236
258 3 230
258 3 224
258 3 218
258 3 212
258 3 206
258 3 200
258 3 194
258 3 188
258 3 182
258 3 176
258 3 170
258 3 164
258 3 158
258 3 152
258 3 146
258 3 140
258 3 134
258 3 128
258 3 122
258 3 116
258 3 110
258 3 104
258 3 98
258 3 92
258 3 86
258 3 80
258 3 74
258 3 68
258 3 62
258 3 56
258 3 50
258 3 44
258 3 38
258 3 32
258 3 26
258 3 20
258 3 14
258 3 8